list(num=c(4,4,4,1,4,6,6,7,6,3,2,1,5,2,6,6,2,2,6,5,7,2,8,5,1,6,7,4,2,4,9,4,7,1,6,6,4,1,9,1,6,1,3,7,5,7,6,4,7,1,2,6,1,1,5,6,3,6,1,7,5,5,6,9,2,4,11,6,1,3,1,6,7,4,3,7,7,8,7,5,6,1,4,8,1,3,1,5,3,5,3,2,8,6,5,4,7,3,6,5,2,2,4,7,6,6,5,5,3,5,5,5,6,6,3,1,2,6,5,4,5,4,2,4,4,4,4,3,5,1,1,1,2,2,1,1),adj=c(51043,51187,51840,51171,51043,51153,51061,51059,51107,51069,51061,51187,51069,51187,51139,51069,51165,51107,51013,51510,51600,51153,51610,51171,51069,51043,51139,51061,51157,51187,51179,51107,51043,51153,51047,51157,51059,51179,51107,51683,51685,51061,51510,51610,51059,51013,51059,51059,51187,51139,51047,51113,51061,51013,51059,51171,51003,51015,51660,51079,51139,51165,51171,51187,51113,51079,51157,51153,51683,51153,51685,51177,51179,51137,51113,51061,51157,51047,51139,51137,51157,51079,51177,51033,51061,51099,51153,51047,51630,51015,51017,51163,51165,51003,51017,51091,51125,51820,51790,51003,51139,51137,51165,51113,51165,51177,51003,51113,51079,51047,51109,51630,51033,51179,51085,51137,51047,51109,51033,51057,51193,51179,51177,51179,51159,51099,51057,51133,51165,51029,51015,51540,51137,51079,51065,51125,51109,51091,51005,51163,51015,51177,51057,51097,51179,51085,51101,51099,51015,51033,51193,51159,51097,51099,51119,51177,51003,51085,51137,51065,51075,51133,51057,51103,51193,51015,51019,51023,51009,51005,51015,51017,51678,51125,51530,51003,51163,51009,51029,51011,51003,51015,51131,51159,51103,51193,51177,51033,51127,51087,51101,51075,51109,51029,51049,51075,51003,51109,51033,51057,51095,51101,51127,51119,51073,51023,51163,51017,51560,51580,51045,51033,51085,51127,51097,51085,51087,51049,51065,51041,51145,51109,51005,51133,51159,51019,51031,51011,51680,51163,51125,51005,51163,51019,51005,51163,51045,51161,51011,51003,51049,51065,51125,51147,51057,51073,51097,51007,51029,51065,51075,51147,51145,51163,51127,51036,51085,51760,51041,51075,51145,51087,51007,51049,51075,51041,51161,51005,51023,51121,51071,51036,51097,51087,51085,51095,51101,51161,51023,51163,51009,51680,51031,51515,51143,51067,51087,51041,51115,51119,51095,51097,51036,51053,51007,51570,51087,51149,51760,51730,51075,51670,51145,51031,51037,51009,51029,51125,51147,51001,51185,51051,51167,51073,51053,51049,51135,51041,51147,51145,51181,51087,51149,51095,51041,51127,51670,51021,51155,51121,51045,51019,51031,51009,51700,51199,51097,51036,51830,51127,51073,51019,51037,51009,51011,51680,51083,51143,51019,51023,51045,51775,51770,51067,51121,51063,51037,51007,51011,51029,51049,51111,51135,51700,51830,51735,51095,51650,51161,51750,51063,51155,51045,51071,51019,51021,51173,51027,51167,51036,51053,51570,51183,51181,51730,51041,51670,51161,51041,51149,51036,51161,51173,51197,51185,51155,51071,51195,51027,51167,51007,51025,51111,51147,51053,51730,51041,51149,51199,51095,51025,51135,51007,51183,51149,51081,51730,51041,51031,51011,51117,51111,51083,51147,51175,51149,51036,51183,51093,51570,51041,51149,51053,51021,51035,51197,51750,51121,51063,51071,51199,51095,51650,51019,51161,51063,51143,51141,51089,51169,51720,51105,51051,51167,51199,51650,51155,51121,51175,51181,51800,51620,51173,51051,51027,51195,51169,51185,51191,51019,51031,51083,51590,51067,51089,51161,51035,51067,51141,51155,51121,51117,51025,51037,51135,51147,51181,51175,51149,51081,51053,51700,51199,51735,51021,51173,51035,51155,51077,51780,51143,51117,51031,51037,51117,51111,51135,51081,51053,51021,51167,51197,51185,51191,51077,51800,51620,51183,51181,51093,51081,51810,51740,51550,51195,51550,51710,51197,51640,51077,51141,51155,51063,51520,51077,51167,51173,51169,51175,51093,51740,51550,51025,51175,51595,51183,51053,51083,51111,51037,51025,51195,51169,51195,51105,51191,51167,51067,51089,51063,51035,51810,51800,51740,51710,51143,51067,51141,51690,51800,51550,51710,51191,51197,51173,51640,51035,51081,51089,51083,51077,51035,51175,51093,51143,51191),sumNumNeigh=586)